0	-20.0	360.0	37.99990000004527
1	-19.95995995995996	358.4800816832849	37.919819919807196
2	-19.91991991991992	356.9633697761826	37.839739840137554
3	-19.87987987987988	355.4498642786931	37.75965975989948
4	-19.83983983983984	353.93956519081644	37.6795796796614
5	-19.7997997997998	352.43247251255264	37.59949959999176
6	-19.75975975975976	350.9285862439016	37.51941951975368
7	-19.71971971971972	349.4279063848634	37.43933944008404
8	-19.67967967967968	347.9304329354379	37.359259358709096
9	-19.63963963963964	346.4361658956253	37.279179279039454
10	-19.5995995995996	344.9451052654256	37.19909919880138
11	-19.55955955955956	343.4572510448386	37.1190191185633
12	-19.51951951951952	341.9726032338645	37.03893903889366
13	-19.47947947947948	340.49116183250317	36.95885895922402
14	-19.43943943943944	339.0129268407547	36.87877887898594
15	-19.3993993993994	337.53789825861895	36.798698798747864
16	-19.35935935935936	336.06607608609613	36.71861871850979
17	-19.31931931931932	334.59746032318606	36.638538638840146
18	-19.27927927927928	333.13205096988884	36.55845855860207
19	-19.23923923923924	331.66984802620436	36.47837847836399
20	-19.1991991991992	330.2108514921328	36.39829839869435
21	-19.15915915915916	328.755061367674	36.318218318456275
22	-19.11911911911912	327.30247765282803	36.2381382382182
23	-19.07907907907908	325.8531003475948	36.15805815798012
24	-19.03903903903904	324.4069294519745	36.07797807831048
25	-18.998998998999	322.96396496596697	35.9978979980724
26	-18.95895895895896	321.52420688957227	35.91781791783433
27	-18.91891891891892	320.0876552227903	35.83773783759625
28	-18.87887887887888	318.6543099656213	35.757657757358174
29	-18.83883883883884	317.224171118065	35.67757767768853
30	-18.7987987987988	315.79723868012155	35.597497597450456
31	-18.75875875875876	314.373512651791	35.517417517780814
32	-18.71871871871872	312.95299303307314	35.43733743754274
33	-18.67867867867868	311.53567982396817	35.357257357873095
34	-18.63863863863864	310.12157302447594	35.277177277066585
35	-18.5985985985986	308.71067263459656	35.19709719739694
36	-18.55855855855856	307.30297865433005	35.117017117158866
37	-18.51851851851852	305.8984910836763	35.03693703692079
38	-18.47847847847848	304.49720992263536	34.956856956682714
39	-18.43843843843844	303.0991351712073	34.876776877581506
40	-18.3983983983984	301.704266829392	34.796696796774995
41	-18.35835835835836	300.31260489718954	34.71661671710535
42	-18.31831831831832	298.92414937459984	34.63653663629884
43	-18.27827827827828	297.538900261623	34.5564565566292
44	-18.23823823823824	296.156857558259	34.476376476391124
45	-18.1981981981982	294.77802126450774	34.39629639615305
46	-18.15815815815816	293.4023913803694	34.316216316483406
47	-18.11811811811812	292.0299679058438	34.23613623624533
48	-18.07807807807808	290.66075084093103	34.15605615600725
49	-18.03803803803804	289.2947401856311	34.07597607633761
50	-17.997997997998	287.93193593994397	33.995895996099534
51	-17.95795795795796	286.5723381038697	33.91581591642989
52	-17.91791791791792	285.21594667740817	33.83573583562338
53	-17.87787787787788	283.8627616605595	33.75565575595374
54	-17.83783783783784	282.51278305332363	33.67557567571566
55	-17.7977977977978	281.1660108557006	33.59549559604602
56	-17.75775775775776	279.82244506769035	33.51541551523951
57	-17.71771771771772	278.48208568929294	33.43533543556987
58	-17.67767767767768	277.14493272050834	33.35525535533179
59	-17.63763763763764	275.8109861613366	33.27517527566215
60	-17.5975975975976	274.4802460117776	33.19509519485564
61	-17.55755755755756	273.15271227183143	33.115015115186
62	-17.51751751751752	271.8283849414981	33.03493503494792
63	-17.47747747747748	270.5072640207776	32.95485495527828
64	-17.43743743743744	269.18934950966985	32.87477487447177
65	-17.3973973973974	267.87464140817497	32.794694794802126
66	-17.35735735735736	266.5631397162929	32.71461471456405
67	-17.31731731731732	265.25484443402365	32.63453463489441
68	-17.27727727727728	263.9497555613672	32.55445455465633
69	-17.237237237237238	262.64787309832354	32.474374474418255
70	-17.197197197197198	261.3491970448928	32.39429439418018
71	-17.157157157157158	260.05372740107475	32.3142143139421
72	-17.117117117117118	258.7614641668696	32.234134233704026
73	-17.077077077077078	257.4724073422773	32.15405415460282
74	-17.037037037037038	256.1865569272977	32.07397407379631
75	-16.996996996996998	254.90391292193098	31.993893994126665
76	-16.956956956956958	253.62447532617705	31.91381391388859
77	-16.916916916916918	252.34824414003597	31.833733833650513
78	-16.876876876876878	251.0752193635077	31.75365375398087
79	-16.836836836836838	249.80540099659223	31.673573673742794
80	-16.796796796796798	248.53878903928955	31.593493593504718
81	-16.756756756756758	247.27538349159974	31.51341351326664
82	-16.716716716716718	246.01518435352273	31.433333433028565
83	-16.676676676676678	244.75819162505852	31.35325335279049
84	-16.636636636636638	243.50440530620716	31.273173273120847
85	-16.596596596596598	242.25382539696855	31.19309319288277
86	-16.556556556556558	241.0064518973428	31.113013112644694
87	-16.516516516516518	239.7622848073299	31.032933032975052
88	-16.476476476476478	238.52132412692976	30.952852952736976
89	-16.436436436436438	237.28356985614246	30.8727728724989
90	-16.396396396396398	236.04902199496797	30.792692792829257
91	-16.356356356356358	234.81768054340628	30.71261271259118
92	-16.316316316316318	233.58954550145745	30.632532632353104
93	-16.276276276276278	232.36461686912142	30.552452552683462
94	-16.236236236236238	231.1428946463982	30.472372472445386
95	-16.196196196196198	229.92437883328776	30.39229239220731
96	-16.156156156156158	228.7090694297902	30.312212311969233
97	-16.116116116116117	227.49696643590542	30.23213223229959
98	-16.076076076076077	226.28806985163345	30.152052152061515
99	-16.036036036036037	225.08237967697434	30.071972072391873
100	-15.995995995995996	223.87989591192792	29.99189199186958
101	-15.955955955955956	222.6806185564944	29.911811911631503
102	-15.915915915915916	221.48454761067373	29.831731831677644
103	-15.875875875875876	220.29168307446585	29.751651751723784
104	-15.835835835835836	219.10202494787077	29.671571671485708
105	-15.795795795795796	217.91557323088853	29.59149159124763
106	-15.755755755755755	216.7323279235191	29.511411511293772
107	-15.715715715715715	215.5522890257625	29.431331431339913
108	-15.675675675675675	214.3754565376187	29.351251351386054
109	-15.635635635635635	213.20183045908772	29.271171271147978
110	-15.595595595595595	212.03141079016953	29.1910911909099
111	-15.555555555555555	210.86419753086417	29.111011110956042
112	-15.515515515515515	209.70019068117165	29.030931030717966
113	-15.475475475475475	208.53939024109192	28.950850950764107
114	-15.435435435435435	207.38179621062503	28.870770870810247
115	-15.395395395395395	206.22740858977093	28.79069079057217
116	-15.355355355355355	205.07622737852967	28.71061071061831
117	-15.315315315315315	203.92825257690123	28.630530630664452
118	-15.275275275275275	202.78348418488557	28.55045055014216
119	-15.235235235235235	201.64192220248276	28.470370470472517
120	-15.195195195195195	200.50356662969276	28.39029039023444
121	-15.155155155155155	199.36841746651555	28.310210309996364
122	-15.115115115115115	198.23647471295118	28.230130230042505
123	-15.075075075075075	197.10773836899963	28.150050150088646
124	-15.035035035035035	195.9822084346609	28.069970070134787
125	-14.994994994994995	194.85988490993495	27.98988998989671
126	-14.954954954954955	193.74076779482183	27.909809909658634
127	-14.914914914914915	192.62485708932155	27.829729829704775
128	-14.874874874874875	191.51215279343407	27.7496497494667
129	-14.834834834834835	190.40265490715942	27.66956966951284
130	-14.794794794794795	189.29636343049756	27.58948958955898
131	-14.754754754754755	188.19327836344854	27.50940950960512
132	-14.714714714714715	187.09339970601232	27.429329429367044
133	-14.674674674674675	185.99672745818893	27.349249349413185
134	-14.634634634634635	184.90326161997834	27.26916926917511
135	-14.594594594594595	183.81300219138058	27.18908918922125
136	-14.554554554554555	182.72594917239562	27.109009108983173
137	-14.514514514514515	181.64210256302349	27.028929029029314
138	-14.474474474474475	180.56146236326416	26.948848948791237
139	-14.434434434434435	179.48402857311766	26.86876886855316
140	-14.394394394394395	178.40980119258398	26.788688788599302
141	-14.354354354354355	177.33878022166311	26.708608708645443
142	-14.314314314314315	176.27096566035505	26.628528628407366
143	-14.274274274274275	175.2063575086598	26.548448548453507
144	-14.234234234234235	174.1449557665774	26.468368468499648
145	-14.194194194194194	173.0867604341078	26.38828838826157
146	-14.154154154154154	172.031771511251	26.308208308307712
147	-14.114114114114114	170.97998899800703	26.228128228069636
148	-14.074074074074074	169.93141289437585	26.14804814783156
149	-14.034034034034034	168.88604320035753	26.067968068161917
150	-13.993993993993994	167.843879915952	25.98788798792384
151	-13.953953953953954	166.80492304115927	25.907807907685765
152	-13.913913913913914	165.76917257597938	25.827727827731906
153	-13.873873873873874	164.73662852041232	25.747647747778046
154	-13.833833833833834	163.70729087445804	25.66756766753997
155	-13.793793793793794	162.6811596381166	25.58748758758611
156	-13.753753753753754	161.65823481138798	25.50740750763225
157	-13.713713713713714	160.63851639427216	25.427327427394175
158	-13.673673673673674	159.62200438676916	25.3472473471561
159	-13.633633633633634	158.60869878887897	25.267167266918023
160	-13.593593593593594	157.5985996006016	25.187087186964163
161	-13.553553553553552	156.591706821937	25.107007107010304
162	-13.513513513513512	155.58802045288527	25.026927026772228
163	-13.473473473473472	154.58754049344637	24.94684694681837
164	-13.433433433433432	153.59026694362026	24.86676686686451
165	-13.393393393393392	152.59619980340696	24.786686786626433
166	-13.353353353353352	151.60533907280652	24.706606706672574
167	-13.313313313313312	150.61768475181884	24.626526626434497
168	-13.273273273273272	149.633236840444	24.54644654619642
169	-13.233233233233232	148.65199533868199	24.46636646624256
170	-13.193193193193192	147.67396024653277	24.386286386004485
171	-13.153153153153152	146.6991315639964	24.306206306050626
172	-13.113113113113112	145.72750929107283	24.226126226096767
173	-13.073073073073072	144.75909342776205	24.14604614585869
174	-13.033033033033032	143.79388397406413	24.06596606590483
175	-12.992992992992992	142.831880929979	23.985885985950972
176	-12.952952952952952	141.8730842955067	23.905805905712896
177	-12.912912912912912	140.9174940706472	23.825725825759037
178	-12.872872872872872	139.9651102554005	23.74564574552096
179	-12.832832832832832	139.01593284976664	23.6655656655671
180	-12.792792792792792	138.0699618537456	23.58548558561324
181	-12.752752752752752	137.12719726733738	23.505405505375165
182	-12.712712712712712	136.18763909054195	23.42532542513709
183	-12.672672672672672	135.25128732335938	23.345245345467447
184	-12.632632632632632	134.31814196578958	23.265165264945153
185	-12.592592592592592	133.3882030178326	23.185085184991294
186	-12.552552552552552	132.46147047948847	23.105005105037435
187	-12.512512512512512	131.53794435075713	23.02492502479936
188	-12.472472472472472	130.61762463163862	22.9448449448455
189	-12.432432432432432	129.7005113221329	22.864764864607423
190	-12.392392392392392	128.78660442224003	22.784684784653564
191	-12.352352352352352	127.87590393195995	22.704604704415488
192	-12.312312312312311	126.9684098512927	22.62452462446163
193	-12.272272272272271	126.06412218023826	22.544444544223552
194	-12.232232232232231	125.16304091879664	22.464364464269693
195	-12.192192192192191	124.26516606696785	22.384284384315833
196	-12.152152152152151	123.37049762475186	22.304204304361974
197	-12.112112112112111	122.47903559214868	22.224124224123898
198	-12.072072072072071	121.59077996915832	22.14404414388582
199	-12.032032032032031	120.70573075578079	22.063964063931962
200	-11.991991991991991	119.82388795201607	21.983883983978103
201	-11.951951951951951	118.94525155786414	21.903803903740027
202	-11.911911911911911	118.06982157332504	21.82372382350195
203	-11.871871871871871	117.19759799839878	21.74364374354809
204	-11.831831831831831	116.32858083308531	21.663563663594232
205	-11.791791791791791	115.46277007738468	21.583483583640373
206	-11.751751751751751	114.60016573129684	21.503403503402296
207	-11.711711711711711	113.74076779482183	21.423323423448437
208	-11.671671671671671	112.88457626795963	21.34324334321036
209	-11.631631631631631	112.03159115071026	21.2631632632565
210	-11.591591591591591	111.18181244307368	21.183083183018425
211	-11.551551551551551	110.33524014504994	21.103003103064566
212	-11.511511511511511	109.491874256639	21.02292302282649
213	-11.471471471471471	108.65171477784088	20.94284294287263
214	-11.431431431431431	107.8147617086556	20.86276286291877
215	-11.391391391391391	106.98101504908311	20.782682782680695
216	-11.35135135135135	106.15047479912343	20.70260270244262
217	-11.31131131131131	105.32314095877658	20.62252262248876
218	-11.27127127127127	104.49901352804255	20.5424425425349
219	-11.23123123123123	103.67809250692133	20.462362462438932
220	-11.19119119119119	102.86037789541291	20.382282382200856
221	-11.15115115115115	102.04586969351735	20.302202302389105
222	-11.11111111111111	101.23456790123456	20.22212222215103
223	-11.07107107107107	100.4264725185646	20.14204214205506
224	-11.03103103103103	99.62158354550746	20.061962061959093
225	-10.99099099099099	98.81990098206313	19.981881981863125
226	-10.95095095095095	98.02142482823163	19.901801901909266
227	-10.91091091091091	97.22615508401293	19.82172182167119
228	-10.87087087087087	96.43409174940706	19.74164174171733
229	-10.83083083083083	95.64523482441399	19.661561661479254
230	-10.79079079079079	94.85958430903375	19.581481581525395
231	-10.75075075075075	94.07714020326631	19.50140150128732
232	-10.71071071071071	93.2979025071117	19.42132142133346
233	-10.67067067067067	92.52187122056992	19.3412413413796
234	-10.63063063063063	91.74904634364094	19.261161261283632
235	-10.59059059059059	90.97942787632476	19.181081181045556
236	-10.55055055055055	90.21301581862141	19.10100110094959
237	-10.51051051051051	89.4498101705309	19.02092102099573
238	-10.47047047047047	88.68981093205318	18.94084094089976
239	-10.43043043043043	87.93301810318826	18.860760860661685
240	-10.39039039039039	87.17943168393617	18.780680780565717
241	-10.35035035035035	86.42905167429691	18.700600700611858
242	-10.31031031031031	85.68187807427046	18.62052062051589
243	-10.27027027027027	84.93791088385683	18.54044054056203
244	-10.23023023023023	84.197150103056	18.460360460323955
245	-10.19019019019019	83.459595731868	18.380280380370095
246	-10.15015015015015	82.72524777029281	18.300200300274128
247	-10.11011011011011	81.99410621833044	18.22012022017816
248	-10.07007007007007	81.26617107598088	18.140040140082192
249	-10.03003003003003	80.54144234324414	18.059960059986224
250	-9.98998998998999	79.81992002012021	17.979879979748148
251	-9.94994994994995	79.1016041066091	17.89979989979429
252	-9.90990990990991	78.38649460271083	17.81971981984043
253	-9.86986986986987	77.67459150842535	17.73963973974446
254	-9.82982982982983	76.96589482375268	17.659559659506385
255	-9.78978978978979	76.26040454869283	17.579479579552526
256	-9.74974974974975	75.55812068324582	17.499399499598667
257	-9.70970970970971	74.8590432274116	17.4193194195027
258	-9.66966966966967	74.16317218119019	17.339239339264623
259	-9.62962962962963	73.47050754458161	17.259159259026546
260	-9.58958958958959	72.78104931758585	17.179079179072687
261	-9.54954954954955	72.0947975002029	17.09899909897672
262	-9.50950950950951	71.41175209243278	17.01891901902286
263	-9.46946946946947	70.73191309427546	16.938838938926892
264	-9.42942942942943	70.05528050573096	16.858758858830925
265	-9.38938938938939	69.38185432679927	16.778678778734957
266	-9.34934934934935	68.71163455748041	16.69859869863899
267	-9.30930930930931	68.04462119777435	16.61851861854302
268	-9.26926926926927	67.38081424768112	16.538438538447053
269	-9.22922922922923	66.72021370720068	16.458358458351086
270	-9.18918918918919	66.06281957633308	16.378278378255118
271	-9.14914914914915	65.40863185507831	16.29819829830126
272	-9.10910910910911	64.75765054343634	16.21811821820529
273	-9.06906906906907	64.10987564140717	16.138038137967214
274	-9.02902902902903	63.46530714899084	16.05795805808441
275	-8.98898898898899	62.823945066187314	15.977877977988442
276	-8.94894894894895	62.185789392996604	15.897797897892474
277	-8.90890890890891	61.55084012941871	15.817717817796506
278	-8.86886886886887	60.919097275453645	15.737637737700538
279	-8.82882882882883	60.29056083110138	15.65755765760457
280	-8.78878878878879	59.66523079636193	15.577477577508603
281	-8.74874874874875	59.04310717123531	15.497397497554743
282	-8.70870870870871	58.424189955721495	15.417317417458776
283	-8.66866866866867	57.80847914982049	15.3372373372207
284	-8.62862862862863	57.19597475353232	15.25715725726684
285	-8.588588588588589	56.58667676685696	15.177077177170872
286	-8.548548548548549	55.980585189794404	15.096997097074905
287	-8.508508508508509	55.377700022344676	15.016917016978937
288	-8.468468468468469	54.778021264507764	14.936836936882969
289	-8.428428428428429	54.18154891628365	14.856756856787001
290	-8.388388388388389	53.58828297767237	14.776676776691033
291	-8.348348348348349	52.998223448673905	14.696596696595066
292	-8.308308308308309	52.41137032928825	14.616516616499098
293	-8.268268268268269	51.82772361951542	14.53643653640313
294	-8.228228228228229	51.2472833193554	14.45635645644927
295	-8.188188188188189	50.67004942880819	14.376276376353303
296	-8.148148148148149	50.096021947873815	14.296196296257335
297	-8.108108108108109	49.52520087655224	14.216116216161367
298	-8.068068068068069	48.95758621484348	14.1360361360654
299	-8.028028028028029	48.39317796274754	14.055956055969432
300	-7.987987987987989	47.83197612026442	13.975875975944518
301	-7.947947947947949	47.27398068739411	13.89579589584855
302	-7.907907907907909	46.719191664136616	13.815715815752583
303	-7.867867867867869	46.16760905049195	13.73563573572767
304	-7.827827827827829	45.619232846460086	13.655555655631701
305	-7.787787787787789	45.07406305204104	13.575475575535734
306	-7.7477477477477485	44.53209966723481	13.495395495439766
307	-7.7077077077077085	43.9933426920414	13.415315415414852
308	-7.6676676676676685	43.45779212646081	13.335235335318885
309	-7.6276276276276285	42.925447970493025	13.255155255222917
310	-7.5875875875875884	42.39631022413806	13.175075175126949
311	-7.547547547547548	41.870378887395916	13.094995095030981
312	-7.507507507507508	41.347653960266584	13.014915015006068
313	-7.467467467467468	40.82813544275007	12.9348349349101
314	-7.427427427427428	40.311823334846366	12.854754854814132
315	-7.387387387387388	39.79871763655549	12.774674774789219
316	-7.347347347347348	39.28881834787742	12.694594694622197
317	-7.307307307307308	38.78212546881217	12.614514614597283
318	-7.267267267267268	38.278638999359735	12.534434534501315
319	-7.227227227227228	37.77835893952011	12.454354454405347
320	-7.187187187187188	37.28128528929331	12.37427437430938
321	-7.147147147147146	36.7874180486793	12.294194294213412
322	-7.107107107107106	36.296757217678135	12.214114214259553
323	-7.067067067067066	35.80930279628977	12.134034134021476
324	-7.027027027027026	35.325054784514236	12.053954054067617
325	-6.986986986986986	34.84401318235152	11.97387397397165
326	-6.946946946946946	34.3661779898016	11.893793893875682
327	-6.906906906906906	33.89154920686451	11.813713813779714
328	-6.866866866866866	33.42012683354024	11.733633733683746
329	-6.826826826826826	32.95191086982878	11.653553653587778
330	-6.786786786786786	32.48690131573014	11.57347357349181
331	-6.746746746746746	32.02509817124431	11.493393493395843
332	-6.706706706706706	31.5665014363713	11.413313413370929
333	-6.666666666666666	31.111111111111104	11.333233333274961
334	-6.626626626626626	30.65892719546373	11.253153253250048
335	-6.586586586586586	30.209949689429163	11.17307317315408
336	-6.546546546546546	29.76417859300742	11.092993093129166
337	-6.506506506506506	29.321613906198483	11.012913012962144
338	-6.466466466466466	28.88225562900237	10.932832932866177
339	-6.426426426426426	28.44610376141907	10.852752852841263
340	-6.386386386386386	28.013158303448588	10.772672772745295
341	-6.346346346346346	27.58341925509092	10.692592692649328
342	-6.306306306306306	27.156886616346068	10.61251261255336
343	-6.266266266266266	26.733560387214037	10.532432532528446
344	-6.226226226226226	26.313440567694816	10.452352452432478
345	-6.186186186186186	25.896527157788416	10.37227237233651
346	-6.146146146146146	25.482820157494825	10.292192292240543
347	-6.106106106106106	25.072319566814055	10.212112212144575
348	-6.066066066066066	24.6650253857461	10.132032132119662
349	-6.026026026026026	24.260937614290963	10.051952052023694
350	-5.985985985985986	23.86005625244864	9.971871971927726
351	-5.945945945945946	23.462381300219132	9.891791891831758
352	-5.905905905905906	23.067912757602446	9.811711811806845
353	-5.865865865865866	22.67665062459857	9.731631731710877
354	-5.8258258258258255	22.288594901207514	9.651551651685963
355	-5.7857857857857855	21.903745587429267	9.571471571518941
356	-5.7457457457457455	21.522102683263842	9.491391491494028
357	-5.7057057057057055	21.143666188711233	9.41131141139806
358	-5.665665665665665	20.76843610377144	9.331231331302092
359	-5.625625625625625	20.39641242844446	9.251151251241652
360	-5.585585585585585	20.027595162730297	9.171071171145684
361	-5.545545545545545	19.66198430662895	9.090991091049716
362	-5.505505505505505	19.29957986014042	9.010911010989275
363	-5.465465465465465	18.940381823264705	8.930830930928835
364	-5.425425425425425	18.584390196001806	8.850750850832867
365	-5.385385385385385	18.231604978351722	8.7706707707369
366	-5.345345345345345	17.882026170314457	8.690590690676459
367	-5.305305305305305	17.535653771890008	8.61051061058049
368	-5.265265265265265	17.192487783078374	8.53043053052005
369	-5.225225225225225	16.852528203879555	8.450350450424082
370	-5.185185185185185	16.51577503429355	8.370270370328114
371	-5.145145145145145	16.182228274320366	8.290190290267674
372	-5.105105105105105	15.851887923959996	8.210110210207233
373	-5.065065065065065	15.524753983212442	8.130030130111265
374	-5.025025025025025	15.200826452077703	8.049950050015298
375	-4.984984984984985	14.880105330555782	7.969869969954857
376	-4.944944944944945	14.562590618646674	7.889789889858889
377	-4.904904904904905	14.248282316350384	7.8097098097984485
378	-4.864864864864865	13.93718042366691	7.729629729702481
379	-4.824824824824825	13.629284940596254	7.64954964964204
380	-4.784784784784785	13.32459586713841	7.569469569546072
381	-4.744744744744745	13.023113203293384	7.489389489485632
382	-4.704704704704705	12.724836949061174	7.409309409389664
383	-4.664664664664665	12.42976710444178	7.329229329293696
384	-4.624624624624625	12.1379036694352	7.249149249233255
385	-4.584584584584585	11.84924664404144	7.169069169137288
386	-4.544544544544545	11.563796028260494	7.088989089076847
387	-4.504504504504505	11.281551822092364	7.008909008980879
388	-4.464464464464465	11.00251402553705	6.928828928920439
389	-4.424424424424425	10.726682638594554	6.848748848859998
390	-4.384384384384385	10.45405766126487	6.768668768728503
391	-4.344344344344345	10.184639093548004	6.688588688668062
392	-4.3043043043043046	9.918426935443954	6.6085086085720945
393	-4.2642642642642645	9.655421186952719	6.528428528511654
394	-4.2242242242242245	9.395621848074303	6.448348448451213
395	-4.1841841841841845	9.139028918808702	6.3682683683552455
396	-4.1441441441441444	8.885642399155916	6.288188288294805
397	-4.104104104104104	8.635462289115946	6.208108208198837
398	-4.064064064064064	8.38848858868879	6.128028128102869
399	-4.024024024024024	8.144721297874455	6.047948048042429
400	-3.9839839839839826	7.904160416672921	5.96786796799087
401	-3.9439439439439425	7.666805945084215	5.887787887894902
402	-3.9039039039039025	7.432657883108325	5.807707807816698
403	-3.8638638638638625	7.201716230745252	5.7276277277384935
404	-3.8238238238238225	6.973980987994995	5.647547647660289
405	-3.7837837837837824	6.749452154857552	5.567467567582085
406	-3.7437437437437424	6.5281297313329265	5.487387487486117
407	-3.7037037037037024	6.310013717421118	5.407307407425677
408	-3.6636636636636624	6.095104113122124	5.327227327329709
409	-3.6236236236236223	5.883400918435946	5.247147247251505
410	-3.5835835835835823	5.674904133362585	5.1670671671733
411	-3.5435435435435423	5.4696137579020405	5.08698708711286
412	-3.5035035035035023	5.26752979205431	5.006907007016892
413	-3.4634634634634622	5.068652235819396	4.926826926938688
414	-3.423423423423422	4.8729810891972996	4.8467468468604835
415	-3.383383383383382	4.680516352188018	4.766666766782279
416	-3.343343343343342	4.491258024791552	4.6865866866863115
417	-3.303303303303302	4.305206107007903	4.606506606608107
418	-3.263263263263262	4.122360598837069	4.526426526529903
419	-3.223223223223222	3.9427215002790525	4.446346446451699
420	-3.183183183183182	3.766288811333851	4.366266366373495
421	-3.143143143143142	3.5930625320014666	4.28618628629529
422	-3.103103103103102	3.4230426622818975	4.206106206217086
423	-3.063063063063062	3.2562292021751436	4.126026126138882
424	-3.023023023023022	3.0926221516812067	4.045946046060678
425	-2.982982982982982	2.932221510800085	3.96586596596471
426	-2.942942942942942	2.7750272795317805	3.8857858859042693
427	-2.902902902902902	2.6210394578762912	3.805705805826065
428	-2.862862862862862	2.470258045833617	3.7256257257300973
429	-2.822822822822822	2.32268304340376	3.645545645651893
430	-2.782782782782782	2.1783144505867194	3.565465565573689
431	-2.7427427427427418	2.0371522673824938	3.485385485486603
432	-2.7027027027027017	1.8991964937910852	3.4053054054172804
433	-2.6626626626626617	1.764447129812492	3.3252253253301944
434	-2.6226226226226217	1.6329041754467148	3.24514524525199
435	-2.5825825825825817	1.5045676306937539	3.165065165173786
436	-2.5425425425425416	1.379437495553609	3.084985085095582
437	-2.5025025025025016	1.2575137700262795	3.0049050050084958
438	-2.4624624624624616	1.138796454111767	2.9248249249302916
439	-2.4224224224224216	1.0232855478100698	2.8447448448520873
440	-2.3823823823823815	0.9109810511211887	2.7646647647650013
441	-2.3423423423423415	0.8018829640451237	2.684584684686797
442	-2.3023023023023015	0.6959912865818749	2.604504604608593
443	-2.2622622622622615	0.5933060187314423	2.5244245245303887
444	-2.2222222222222214	0.4938271604938249	2.4443444444433027
445	-2.1821821821821814	0.3975547118690246	2.3642643643739802
446	-2.1421421421421414	0.3044886728570395	2.2841842842868942
447	-2.1021021021021014	0.2146290434578706	2.20410420420869
448	-2.0620620620620613	0.12797582367151783	2.124024124130486
449	-2.0220220220220213	0.04452901349798122	2.0439440440522816
450	-1.9819819819819813	-0.035711387062739686	1.9638639639651956
451	-1.9419419419419413	-0.11274537801064444	1.8837838838869914
452	-1.9019019019019012	-0.18657295934573348	1.8037038038043463
453	-1.8618618618618612	-0.2571941310680059	1.723623723726142
454	-1.8218218218218212	-0.32460889317746267	1.643543643643497
455	-1.7817817817817811	-0.3888172456741037	1.5634635635608518
456	-1.7417417417417411	-0.44981918855792813	1.4833834834826476
457	-1.701701701701701	-0.5076147218289369	1.4033034034044434
458	-1.661661661661661	-0.5622038454871294	1.3232233233262392
459	-1.621621621621621	-0.6135865595325063	1.243143243243594
460	-1.581581581581581	-0.661762863965067	1.163063163160949
461	-1.541541541541541	-0.7067327587848116	1.0829830830827447
462	-1.501501501501501	-0.74849624399174	1.0029030030045405
463	-1.461461461461461	-0.7870533195858527	0.9228229229218954
464	-1.421421421421421	-0.8224039855671492	0.8427428428436912
465	-1.381381381381381	-0.8545482419356296	0.7626627627632665
466	-1.3413413413413409	-0.8834860886912943	0.6825826826828418
467	-1.3013013013013008	-0.9092175258341428	0.6025026026024172
468	-1.2612612612612608	-0.9317425533641752	0.5224225225219925
469	-1.2212212212212208	-0.9510611712813917	0.44234244244156784
470	-1.1811811811811808	-0.9671733795857922	0.3622623623611432
471	-1.1411411411411407	-0.9800791782773766	0.28218228228293896
472	-1.1011011011011007	-0.989778567356145	0.2021022022025143
473	-1.0610610610610607	-0.9962715468220975	0.12202212212208963
474	-1.0210210210210207	-0.9995581166752339	0.04194204204166496
475	-0.9809809809809806	-0.9996382769155542	-0.03813803803764948
476	-0.9409409409409406	-0.9965120275430586	-0.11821811811807414
477	-0.9009009009009006	-0.9901793685577469	-0.1982981981984988
478	-0.8608608608608606	-0.9806402999596192	-0.2783782782789235
479	-0.8208208208208205	-0.9678948217486755	-0.3584583583582379
480	-0.7807807807807805	-0.9519429339249158	-0.4385384384386626
481	-0.7407407407407405	-0.9327846364883401	-0.5186185185190872
482	-0.7007007007007005	-0.9104199294389483	-0.5986985985995119
483	-0.6606606606606604	-0.8848488127767405	-0.6787786786788264
484	-0.6206206206206204	-0.8560712865017168	-0.758858758759251
485	-0.5805805805805804	-0.824087350613877	-0.8389388388385655
486	-0.5405405405405403	-0.7888970051132211	-0.9190189189189901
487	-0.5005005005005003	-0.7505002499997493	-0.9990989989994148
488	-0.4604604604604603	-0.7088970852734615	-1.0791790790798395
489	-0.42042042042042027	-0.6640875109343576	-1.159259159159154
490	-0.38038038038038025	-0.6160715269824377	-1.2393392392384683
491	-0.3403403403403402	-0.5648491334177018	-1.319419319318893
492	-0.3003003003003002	-0.5104203302401499	-1.3994993993993177
493	-0.26026026026026017	-0.452785117449782	-1.4795794794797423
494	-0.22022022022022014	-0.39194349504659803	-1.5596595595596119
495	-0.18018018018018012	-0.3278954630305981	-1.6397396396394814
496	-0.1401401401401401	-0.2606410214017821	-1.719819719719351
497	-0.10010010010010006	-0.19018017016015007	-1.7998997997997757
498	-0.06006006006006004	-0.11651290930570206	-1.8799798798799228
499	-0.020020020020020013	-0.03963923883843802	-1.960059959959931
500	0.020020020020020013	0.04044084124164203	-2.0401400400400087
501	0.06006006006006004	0.1237273309345381	-2.120220120120225
502	0.10010010010010006	0.2102202302402502	-2.2003002002002336
503	0.1401401401401401	0.2999195391587783	-2.280380280280103
504	0.18018018018018012	0.3928252576901224	-2.360460360360528
505	0.22022022022022014	0.48893738583428253	-2.4405404404403974
506	0.26026026026026017	0.5882559235912587	-2.520620520520822
507	0.3003003003003002	0.6907808709610509	-2.6007006006001365
508	0.3403403403403402	0.7965122279436591	-2.680780680680561
509	0.38038038038038025	0.9054499945390833	-2.7608607607598756
510	0.42042042042042027	1.0175941707473235	-2.8409408408403003
511	0.4604604604604603	1.1329447565683797	-2.921020920920725
512	0.5005005005005003	1.251501752002252	-3.0011010010011496
513	0.5405405405405403	1.3732651570489403	-3.081181081079354
514	0.5805805805805804	1.4982349717084444	-3.161261161161999
515	0.6206206206206204	1.6264111959807648	-3.241341241240203
516	0.6606606606606604	1.7577938298659013	-3.321421321320628
517	0.7007007007007005	1.8923828733638535	-3.4015014014010525
518	0.7407407407407405	2.030178326474622	-3.481581481481477
519	0.7807807807807805	2.171180189198206	-3.5616615615641223
520	0.8208208208208205	2.3153884615346065	-3.6417416416423265
521	0.8608608608608606	2.462803143483823	-3.7218217217205307
522	0.9009009009009006	2.6134242350458554	-3.801901801803176
523	0.9409409409409406	2.767251736220704	-3.88198188188138
524	0.9809809809809806	2.9242856470083685	-3.9620619619595843
525	1.0210210210210207	3.0845259674088488	-4.042142042042229
526	1.0610610610610607	3.2479726974221452	-4.1222221221248745
527	1.1011011011011007	3.414625837048258	-4.202302202203079
528	1.1411411411411407	3.584485386287186	-4.282382282285724
529	1.1811811811811808	3.757551345138931	-4.362462362359487
530	1.2212212212212208	3.9338237136034913	-4.442542442442132
531	1.2612612612612608	4.113302491680868	-4.522622522529218
532	1.3013013013013008	4.295987679371061	-4.602702602598541
533	1.3413413413413409	4.48187927667407	-4.682782682676745
534	1.381381381381381	4.6709772835898935	-4.762862762763831
535	1.421421421421421	4.8632817001185344	-4.842942842842035
536	1.461461461461461	5.058792526259991	-4.923022922929121
537	1.501501501501501	5.257509762014264	-5.003103002998444
538	1.541541541541541	5.459433407381352	-5.08318308308553
539	1.581581581581581	5.664563462361257	-5.163263163163734
540	1.621621621621621	5.872899926953978	-5.243343243241938
541	1.661661661661661	6.084442801159515	-5.323423323320142
542	1.701701701701701	6.299192084977868	-5.4035034033983464
543	1.7417417417417411	6.517147778409036	-5.4835834834854325
544	1.7817817817817811	6.738309881453021	-5.563663563563637
545	1.8218218218218212	6.9626783941098225	-5.643743643641841
546	1.8618618618618612	7.190253316379438	-5.723823723720045
547	1.9019019019019012	7.421034648261871	-5.803903803798249
548	1.9419419419419413	7.655022389757121	-5.883983883885335
549	1.9819819819819813	7.892216540865185	-5.964063963972421
550	2.0220220220220213	8.132617101586067	-6.044144044032862
551	2.0620620620620613	8.376224071919763	-6.124224124146593
552	2.1021021021021014	8.623037451866276	-6.204304204207034
553	2.1421421421421414	8.873057241425606	-6.284384284285238
554	2.1821821821821814	9.12628344059775	-6.364464364381206
555	2.2222222222222214	9.382716049382712	-6.444544444441647
556	2.2622622622622615	9.642355067780489	-6.524624524537614
557	2.3023023023023015	9.905200495791082	-6.604704604598055
558	2.3423423423423415	10.17125233341449	-6.684784684694023
559	2.3823823823823815	10.440510580650715	-6.764864764772227
560	2.4224224224224216	10.712975237499755	-6.844944844868195
561	2.4624624624624616	10.988646303961612	-6.925024924946399
562	2.5025025025025016	11.267523780036285	-7.005105005042367
563	2.5425425425425416	11.549607665723777	-7.085185085085044
564	2.5825825825825817	11.83489796102408	-7.165265165198775
565	2.6226226226226217	12.123394665937202	-7.245345245259216
566	2.6626626626626617	12.415097780463139	-7.32542532533742
567	2.7027027027027017	12.710007304601891	-7.405505405415624
568	2.7427427427427418	13.00812323835346	-7.485585485493829
569	2.782782782782782	13.309445581717846	-7.565665565589796
570	2.822822822822822	13.613974334695047	-7.645745645668001
571	2.862862862862862	13.921709497285065	-7.725825725763968
572	2.902902902902902	14.232651069487899	-7.8059058058066455
573	2.942942942942942	14.546799051303548	-7.88598588588485
574	2.982982982982982	14.864153442732013	-7.966065965998581
575	3.023023023023022	15.184714243773294	-8.046146046059022
576	3.063063063063062	15.508481454427391	-8.12622612615499
577	3.103103103103102	15.835455074694305	-8.206306206233194
578	3.143143143143142	16.165635104574037	-8.286386286293634
579	3.183183183183182	16.49902154406658	-8.366466366389602
580	3.223223223223222	16.83561439317194	-8.446546446450043
581	3.263263263263262	17.175413651890118	-8.52662652654601
582	3.303303303303302	17.518419320221113	-8.606706606606451
583	3.343343343343342	17.86463139816492	-8.686786686702419
584	3.383383383383382	18.214049885721547	-8.766866766798387
585	3.423423423423422	18.56667478289099	-8.846946846858827
586	3.4634634634634622	18.922506089673245	-8.927026926954795
587	3.5035035035035023	19.28154380606832	-9.007107007015236
588	3.5435435435435423	19.643787932076208	-9.087187087111204
589	3.5835835835835823	20.009238467696914	-9.167267167207171
590	3.6236236236236223	20.377895412930435	-9.247347247267612
591	3.6636636636636624	20.749758767776775	-9.327427327328053
592	3.7037037037037024	21.124828532235927	-9.40750740742402
593	3.7437437437437424	21.503104706307894	-9.487587487519988
594	3.7837837837837824	21.88458728999268	-9.567667567615956
595	3.8238238238238225	22.269276283290285	-9.647747647676397
596	3.8638638638638625	22.6571716862007	-9.727827727736837
597	3.9039039039039025	23.048273498723937	-9.807907807832805
598	3.9439439439439425	23.442581720859984	-9.887987887928773
599	3.9839839839839826	23.840096352608853	-9.968067967953687
600	4.024024024024023	24.240817393970534	-10.048148048014127
601	4.064064064064063	24.64474484494503	-10.128228128110095
602	4.104104104104103	25.051878705532346	-10.208308208170536
603	4.144144144144143	25.462218975732473	-10.288388288266503
604	4.184184184184183	25.87576565554542	-10.368468368362471
605	4.224224224224223	26.292518744971183	-10.448548448422912
606	4.264264264264263	26.71247824400976	-10.52862852851888
607	4.304304304304303	27.135644152661154	-10.60870860857932
608	4.344344344344343	27.562016470925364	-10.688788688639761
609	4.384384384384383	27.99159519880239	-10.768868768735729
610	4.424424424424423	28.42438033629223	-10.848948848831697
611	4.464464464464463	28.86037188339489	-10.929028928892137
612	4.504504504504503	29.29956984011036	-11.009109008988105
613	4.544544544544543	29.741974206438652	-11.089189089084073
614	4.584584584584583	30.187584982379757	-11.169269169144513
615	4.624624624624623	30.63640216793368	-11.249349249204954
616	4.664664664664663	31.088425763100417	-11.329429329300922
617	4.704704704704703	31.543655767879972	-11.40950940939689
618	4.744744744744743	32.00209218227234	-11.48958948945733
619	4.784784784784783	32.46373500627753	-11.569669569553298
620	4.824824824824823	32.92858423989553	-11.649749649649266
621	4.864864864864863	33.39663988312635	-11.72982972967418
622	4.904904904904903	33.86790193596998	-11.809909809841201
623	4.944944944944943	34.34237039842643	-11.889989889866115
624	4.984984984984983	34.8200452704957	-11.970069969962083
625	5.025025025025023	35.300926552177785	-12.050150049986996
626	5.065065065065063	35.78501424347268	-12.130230130082964
627	5.105105105105103	36.27230834438039	-12.210310210178932
628	5.145145145145143	36.762808854900925	-12.2903902902749
629	5.185185185185183	37.25651577503427	-12.370470370299813
630	5.225225225225223	37.75342910478044	-12.450550450395781
631	5.265265265265263	38.25354884413942	-12.530630530420694
632	5.305305305305303	38.75687499311121	-12.610710610516662
633	5.3453453453453434	39.26340755169582	-12.69079069061263
634	5.3853853853853835	39.773146519893245	-12.770870770708598
635	5.4254254254254235	40.286091897703486	-12.850950850804566
636	5.4654654654654635	40.80224368512654	-12.931030930900533
637	5.5055055055055035	41.32160188216242	-13.011111010925447
638	5.545545545545544	41.84416648881111	-13.091191091021415
639	5.585585585585584	42.36993750507261	-13.171271171188437
640	5.625625625625624	42.89891493094694	-13.25135125121335
641	5.665665665665667	43.431098766434125	-13.331431331238264
642	5.705705705705707	43.96648901153408	-13.411511411334232
643	5.745745745745747	44.50508566624685	-13.4915914914302
644	5.785785785785787	45.046888730572434	-13.571671571526167
645	5.825825825825827	45.59189820451084	-13.65175165155108
646	5.865865865865867	46.140114088062056	-13.731831731718103
647	5.905905905905907	46.69153638122609	-13.811911811743016
648	5.945945945945947	47.24616508400294	-13.891991891910038
649	5.985985985985987	47.80400019639261	-13.972071971934952
650	6.026026026026027	48.36504171839509	-14.05215205203092
651	6.0660660660660675	48.92928965001039	-14.132232132126887
652	6.1061061061061075	49.4967439912385	-14.212312212222855
653	6.1461461461461475	50.06740474207944	-14.292392292247769
654	6.1861861861861875	50.641271902533184	-14.372472372343736
655	6.226226226226228	51.218345472599744	-14.452552452439704
656	6.266266266266268	51.798625452279126	-14.532632532464618
657	6.306306306306308	52.38211184157132	-14.612712612560586
658	6.346346346346348	52.96880464047633	-14.692792692656553
659	6.386386386386388	53.558703848994156	-14.772872772752521
660	6.426426426426428	54.1518094671248	-14.852952852848489
661	6.466466466466468	54.74812149486826	-14.933032932944457
662	6.506506506506508	55.34763993222454	-15.01311301296937
663	6.546546546546548	55.95036477919363	-15.093193093065338
664	6.586586586586588	56.55629603577553	-15.173273173161306
665	6.626626626626628	57.16543370197026	-15.25335325318622
666	6.666666666666668	57.77777777777779	-15.333433333353241
667	6.706706706706708	58.39332826319815	-15.413513413378155
668	6.746746746746748	59.01208515823132	-15.493593493474123
669	6.786786786786788	59.63404846287731	-15.573673573499036
670	6.826826826826828	60.25921817713611	-15.653753653595004
671	6.866866866866868	60.88759430100773	-15.733833733690972
672	6.906906906906908	61.519176834492164	-15.81391381378694
673	6.946946946946948	62.15396577758942	-15.893993893811853
674	6.986986986986988	62.791961130299484	-15.974073973978875
675	7.027027027027028	63.43316289262237	-16.05415405400379
676	7.067067067067068	64.07757106455807	-16.134234134028702
677	7.107107107107108	64.72518564610658	-16.21431421426678
678	7.147147147147148	65.37600663726792	-16.294394294220638
679	7.187187187187188	66.03003403804206	-16.374474374458714
680	7.227227227227228	66.68726784842903	-16.454554454412573
681	7.267267267267268	67.3477080684288	-16.53463453450854
682	7.307307307307308	68.0113546980414	-16.61471461460451
683	7.347347347347348	68.6782077372668	-16.694794694842585
684	7.387387387387388	69.34826718610503	-16.774874774796444
685	7.427427427427428	70.02153304455608	-16.854954854892412
686	7.467467467467468	70.69800531261994	-16.93503493484627
687	7.507507507507508	71.37768399029662	-17.01511501494224
688	7.547547547547548	72.06056907758611	-17.095195095038207
689	7.5875875875875884	72.74666057448842	-17.175275175134175
690	7.6276276276276285	73.43595848100354	-17.255355255230143
691	7.6676676676676685	74.12846279713148	-17.33543533532611
692	7.7077077077077085	74.82417352287223	-17.415515415422078
693	7.7477477477477485	75.52309065822581	-17.495595495518046
694	7.787787787787789	76.2252142031922	-17.575675575471905
695	7.827827827827829	76.93054415777141	-17.655755655425764
696	7.867867867867869	77.63908052196342	-17.73583573566384
697	7.907907907907909	78.35082329576825	-17.81591581575981
698	7.947947947947949	79.06577247918591	-17.895995895855776
699	7.987987987987989	79.78392807221638	-17.976075975809636
700	8.028028028028029	80.50529007485966	-18.056156056047712
701	8.068068068068069	81.22985848711576	-18.13623613600157
702	8.108108108108109	81.95763330898467	-18.216316216239647
703	8.148148148148149	82.6886145404664	-18.296396296193507
704	8.188188188188189	83.42280218156094	-18.376476376431583
705	8.228228228228229	84.1601962322683	-18.45655645652755
706	8.268268268268269	84.9007966925885	-18.53663653648141
707	8.308308308308309	85.6446035625215	-18.616716616577378
708	8.348348348348349	86.3916168420673	-18.696796696815454
709	8.388388388388389	87.14183653122592	-18.776876776911422
710	8.428428428428429	87.89526262999738	-18.85695685686528
711	8.468468468468469	88.65189513838163	-18.93703693696125
712	8.508508508508509	89.41173405637872	-19.01711701691511
713	8.548548548548549	90.17477938398861	-19.097197097011076
714	8.588588588588589	90.94103112121132	-19.177277176964935
715	8.62862862862863	91.71048926804684	-19.25735725720301
716	8.66866866866867	92.48315382449516	-19.337437337441088
717	8.70870870870871	93.25902479055634	-19.41751741725284
718	8.74874874874875	94.03810216623032	-19.497597497348806
719	8.78878878878879	94.8203859515171	-19.577677577444774
720	8.82882882882883	95.6058761464167	-19.657757657540742
721	8.86886886886887	96.39457275092911	-19.73783773763671
722	8.90890890890891	97.18647576505435	-19.817917817732678
723	8.94894894894895	97.9815851887924	-19.897997897970754
724	8.98898898898899	98.77990102214326	-19.97807797806672
725	9.02902902902903	99.58142326510696	-20.058158057878472
726	9.06906906906907	100.38615191768346	-20.13823813797444
727	9.10910910910911	101.19408697987276	-20.218318218212517
728	9.14914914914915	102.0052284516749	-20.298398298308484
729	9.18918918918919	102.81957633308986	-20.378478378262344
730	9.22922922922923	103.63713062411762	-20.45855845835831
731	9.26926926926927	104.45789132475821	-20.53863853831217
732	9.30930930930931	105.2818584350116	-20.618718618550247
733	9.34934934934935	106.10903195487779	-20.698798698788323
734	9.38938938938939	106.93941188435684	-20.778878778600074
735	9.42942942942943	107.77299822344867	-20.85895885898026
736	9.46946946946947	108.60979097215335	-20.93903893879201
737	9.50950950950951	109.4497901304708	-21.019119019030086
738	9.54954954954955	110.29299569840111	-21.099199098983945
739	9.58958958958959	111.13940767594423	-21.179279179079913
740	9.62962962962963	111.98902606310014	-21.25935925917588
741	9.66966966966967	112.84185085986888	-21.33943933927185
742	9.70970970970971	113.69788206625043	-21.419519419509925
743	9.74974974974975	114.5571196822448	-21.499599499463784
744	9.78978978978979	115.419563707852	-21.579679579417643
745	9.82982982982983	116.28521414307201	-21.65975965951361
746	9.86986986986987	117.15407098790482	-21.739839739751687
747	9.90990990990991	118.02613424235045	-21.819919819847655
748	9.94994994994995	118.90140390640892	-21.899999899801514
749	9.98998998998999	119.77987998008018	-21.980079979897482
750	10.03003003003003	120.66156246336428	-22.06016005985134
751	10.07007007007007	121.54645135626117	-22.14024013994731
752	10.11011011011011	122.43454665877087	-22.220320220327494
753	10.15015015015015	123.32584837089342	-22.300400300139245
754	10.19019019019019	124.22035649262875	-22.38048038037732
755	10.23023023023023	125.11807102397694	-22.46056046033118
756	10.27027027027027	126.0189919649379	-22.540640540569257
757	10.31031031031031	126.92311931551171	-22.620720620523116
758	10.35035035035035	127.83045307569833	-22.700800700476975
759	10.39039039039039	128.74099324549775	-22.78088078071505
760	10.43043043043043	129.65473982491	-22.860960860953128
761	10.47047047047047	130.57169281393504	-22.941040940906987
762	10.51051051051051	131.49185221257292	-23.021121021145063
763	10.55055055055055	132.41521802082363	-23.101201100814706
764	10.59059059059059	133.34179023868714	-23.181281181052782
765	10.63063063063063	134.27156886616345	-23.26136126129086
766	10.67067067067067	135.2045539032526	-23.341441341244717
767	10.71071071071071	136.14074534995456	-23.421521421482794
768	10.75075075075075	137.08014320626933	-23.501601501436653
769	10.79079079079079	138.02274747219693	-23.581681581390512
770	10.83083083083083	138.96855814773733	-23.66176166162859
771	10.87087087087087	139.91757523289053	-23.741841741866665
772	10.91091091091091	140.8697987276566	-23.821921821536307
773	10.95095095095095	141.82522863203542	-23.902001901774383
774	10.99099099099099	142.7838649460271	-23.98208198201246
775	11.03103103103103	143.74570766963157	-24.06216206196632
776	11.07107107107107	144.7107568028489	-24.14224214192018
777	11.11111111111111	145.679012345679	-24.222322221874037
778	11.15115115115115	146.65047429812194	-24.30240230239633
779	11.19119119119119	147.6251426601777	-24.38248238235019
780	11.23123123123123	148.60301743184624	-24.46256246230405
781	11.27127127127127	149.58409861312762	-24.542642542542126
782	11.31131131131131	150.56838620402183	-24.622722622495985
783	11.35135135135135	151.55588020452885	-24.70280270273406
784	11.391391391391391	152.5465806146487	-24.78288278268792
785	11.431431431431431	153.54048743438133	-24.86296286264178
786	11.471471471471471	154.53760066372678	-24.94304294259564
787	11.511511511511511	155.53792030268505	-25.023123022833715
788	11.551551551551551	156.54144635125616	-25.103203102787575
789	11.591591591591591	157.54817880944006	-25.183283183309868
790	11.631631631631631	158.5581176772368	-25.26336326297951
791	11.671671671671671	159.57126295464633	-25.343443343217587
792	11.711711711711711	160.5876146416687	-25.423523423171446
793	11.751751751751751	161.60717273830386	-25.503603503125305
794	11.791791791791791	162.62993724455185	-25.58368358336338
795	11.831831831831831	163.65590816041265	-25.663763663601458
796	11.871871871871871	164.68508548588628	-25.743843743555317
797	11.911911911911911	165.7174692209727	-25.82392382407761
798	11.951951951951951	166.75305936567196	-25.904003903747252
799	11.991991991991991	167.79185591998404	-25.98408398370111
800	12.032032032032035	168.83385888390902	-26.064164063939188
801	12.072072072072075	169.8790682574467	-26.144244144177264
802	12.112112112112115	170.92748404059722	-26.22432422441534
803	12.152152152152155	171.97910623336057	-26.3044043043692
804	12.192192192192195	173.03393483573672	-26.38448438432306
805	12.232232232232235	174.09196984772566	-26.464564464561136
806	12.272272272272275	175.15321126932747	-26.544644544514995
807	12.312312312312315	176.21765910054205	-26.62472462475307
808	12.352352352352355	177.28531334136946	-26.70480470470693
809	12.392392392392395	178.3561739918097	-26.784884784945007
810	12.432432432432435	179.43024105186274	-26.864964864898866
811	12.472472472472475	180.5075145215286	-26.945044944852725
812	12.512512512512515	181.58799440080728	-27.0251250250908
813	12.552552552552555	182.67168068969877	-27.10520510504466
814	12.592592592592595	183.75857338820308	-27.185285185282737
815	12.632632632632635	184.8486724963202	-27.265365265236596
816	12.672672672672675	185.94197801405016	-27.345445345190456
817	12.712712712712715	187.03848994139292	-27.425525425428532
818	12.752752752752755	188.1382082783485	-27.50560550566661
819	12.792792792792795	189.24113302491688	-27.585685585620467
820	12.832832832832835	190.3472641810981	-27.665765665574327
821	12.872872872872875	191.45660174689212	-27.745845745528186
822	12.912912912912915	192.56914572229894	-27.825925825766262
823	12.952952952952955	193.6848961073186	-27.90600590600434
824	12.992992992992995	194.80385290195107	-27.986085985958198
825	13.033033033033036	195.92601610619636	-28.066166066196274
826	13.073073073073076	197.05138572005447	-28.146246146150133
827	13.113113113113116	198.17996174352538	-28.226326226103993
828	13.153153153153156	199.3117441766091	-28.30640630634207
829	13.193193193193196	200.44673301930567	-28.38648638629593
830	13.233233233233236	201.584928271615	-28.466566466534005
831	13.273273273273276	202.72632993353722	-28.546646546487864
832	13.313313313313316	203.87093800507222	-28.626726626441723
833	13.353353353353356	205.01875248622002	-28.7068067066798
834	13.393393393393396	206.16977337698066	-28.78688678663366
835	13.433433433433436	207.3240006773541	-28.866966866871735
836	13.473473473473476	208.48143438734036	-28.94704694710981
837	13.513513513513516	209.64207450693945	-29.027127026779453
838	13.553553553553556	210.80592103615135	-29.10720710701753
839	13.593593593593596	211.97297397497604	-29.187287187255606
840	13.633633633633636	213.14323332341357	-29.267367267209465
841	13.673673673673676	214.31669908146392	-29.347447347163325
842	13.713713713713716	215.49337124912708	-29.4275274274014
843	13.753753753753756	216.67324982640304	-29.507607507639477
844	13.793793793793796	217.85633481329182	-29.587687587593337
845	13.833833833833836	219.04262620979344	-29.667767667831413
846	13.873873873873876	220.23212401590786	-29.747847747785272
847	13.913913913913916	221.4248282316351	-29.82792782773913
848	13.953953953953956	222.62073885697515	-29.908007907977208
849	13.993993993993996	223.81985589192803	-29.988087987931067
850	14.034034034034036	225.0221793364937	-30.068168068169143
851	14.074074074074076	226.22770919067221	-30.148248148123002
852	14.114114114114116	227.43644545446352	-30.22832822836108
853	14.154154154154156	228.64838812786766	-30.308408308314938
854	14.194194194194196	229.86353721088463	-30.388488388268797
855	14.234234234234236	231.0818927035144	-30.468568468222657
856	14.274274274274276	232.30345460575697	-30.548648548460733
857	14.314314314314316	233.52822291761237	-30.62872862869881
858	14.354354354354356	234.7561976390806	-30.70880870865267
859	14.394394394394396	235.98737877016163	-30.788888788606528
860	14.434434434434436	237.22176631085546	-30.868968868844604
861	14.474474474474476	238.45936026116212	-30.94904894908268
862	14.514514514514516	239.7001606210816	-31.02912902903654
863	14.554554554554556	240.9441673906139	-31.1092091089904
864	14.594594594594597	242.19138056975902	-31.189289188944258
865	14.634634634634637	243.44180015851694	-31.269369269182334
866	14.674674674674677	244.6954261568877	-31.349449349136194
867	14.714714714714717	245.95225856487124	-31.42952942937427
868	14.754754754754757	247.21229738246763	-31.50960950932813
869	14.794794794794797	248.4755426096768	-31.589689589566206
870	14.834834834834837	249.74199424649882	-31.669769669520065
871	14.874874874874877	251.01165229293363	-31.74984974975814
872	14.914914914914917	252.28451674898128	-31.829929829712
873	14.954954954954957	253.56058761464172	-31.910009909950077
874	14.994994994994997	254.839864889915	-31.990089989903936
875	15.035035035035037	256.1223485748011	-32.07017006957358
876	15.075075075075077	257.4080386693	-32.150250149811654
877	15.115115115115117	258.6969351734117	-32.23033023004973
878	15.155155155155157	259.98903808713624	-32.31041031028781
879	15.195195195195197	261.28434741047363	-32.39049038995745
880	15.235235235235237	262.58286314342376	-32.470570470195526
881	15.275275275275277	263.88458528598676	-32.5506505504336
882	15.315315315315317	265.18951383816255	-32.630730630103244
883	15.355355355355357	266.49764879995115	-32.71081071034132
884	15.395395395395397	267.80899017135255	-32.79089079114783
885	15.435435435435437	269.12353795236686	-32.87097087024904
886	15.475475475475477	270.4412921429939	-32.951050950487115
887	15.515515515515517	271.7622527432338	-33.03113103072519
888	15.555555555555557	273.0864197530865	-33.11121111096327
889	15.595595595595597	274.413793172552	-33.19129119063291
890	15.635635635635637	275.7443730016303	-33.271371270870986
891	15.675675675675677	277.07815924032144	-33.35145135110906
892	15.715715715715717	278.4151518886254	-33.43153143134714
893	15.755755755755757	279.7553509465422	-33.511611511585215
894	15.795795795795797	281.0987564140718	-33.59169159125486
895	15.835835835835837	282.4453682912142	-33.671771671492934
896	15.875875875875877	283.7951865779694	-33.75185175173101
897	15.915915915915917	285.1482112743374	-33.83193183196909
898	15.955955955955957	286.5044423803183	-33.91201191163873
899	15.995995995995997	287.86387989591196	-33.992091991876805
900	16.036036036036037	289.22652382111846	-34.07217207154645
901	16.076076076076077	290.59237415593776	-34.15225215235296
902	16.116116116116117	291.9614309003699	-34.232332231454166
903	16.156156156156158	293.3336940544148	-34.312412312260676
904	16.196196196196198	294.7091636180726	-34.39249239193032
905	16.236236236236238	296.08783959134314	-34.47257247273683
906	16.276276276276278	297.46972197422656	-34.55265255183804
907	16.316316316316318	298.8548107667227	-34.63273263264455
908	16.356356356356358	300.24310596883174	-34.71281271231419
909	16.396396396396398	301.63460758055356	-34.7928927931207
910	16.436436436436438	303.02931560188824	-34.87297287222191
911	16.476476476476478	304.42723003283567	-34.95305295302842
912	16.516516516516518	305.82835087339595	-35.03313303269806
913	16.556556556556558	307.23267812356903	-35.11321311350457
914	16.596596596596598	308.64021178335497	-35.19329319260578
915	16.636636636636638	310.0509518527537	-35.273373272843855
916	16.676676676676678	311.4648983317652	-35.353453353650366
917	16.716716716716718	312.8820512203896	-35.43353343332001
918	16.756756756756758	314.30241051862674	-35.513613513558084
919	16.796796796796798	315.72597622647675	-35.59369359379616
920	16.836836836836838	317.1527483439396	-35.67377367289737
921	16.876876876876878	318.5827268710152	-35.75385375370388
922	16.916916916916918	320.0159118077037	-35.83393383337352
923	16.956956956956958	321.4523031540049	-35.91401391418003
924	16.996996996996998	322.89190090991895	-35.994093993849674
925	17.037037037037038	324.33470507544587	-36.07417407408775
926	17.077077077077078	325.78071565058553	-36.15425415432583
927	17.117117117117118	327.22993263533806	-36.2343342345639
928	17.157157157157158	328.68235602970344	-36.31441431366511
929	17.197197197197198	330.13798583368157	-36.39449439447162
930	17.237237237237238	331.59682204727255	-36.474574474141264
931	17.27727727727728	333.05886467047634	-36.55465455437934
932	17.31731731731732	334.52411370329287	-36.634734634617416
933	17.35735735735736	335.9925691457223	-36.71481471485549
934	17.3973973973974	337.4642309977646	-36.7948947939567
935	17.43743743743744	338.9390992594196	-36.87497487476321
936	17.47747747747748	340.41717393068745	-36.95505495500129
937	17.51751751751752	341.89845501156816	-37.035135035239364
938	17.55755755755756	343.3829425020616	-37.11521511547744
939	17.5975975975976	344.870636402168	-37.19529519514708
940	17.63763763763764	346.3615367118871	-37.275375274816724
941	17.67767767767768	347.85564343121905	-37.3554553550548
942	17.71771771771772	349.35295656016376	-37.43553543529288
943	17.75775775775776	350.8534760987214	-37.51561551553095
944	17.7977977977978	352.35720204689176	-37.595695595200596
945	17.83783783783784	353.864134404675	-37.67577567543867
946	17.87787787787788	355.37427317207096	-37.75585575567675
947	17.91791791791792	356.88761834907984	-37.835935835914825
948	17.95795795795796	358.4041699357015	-37.91601591558447
949	17.997997997998	359.92392793193596	-37.99609599582254
950	18.03803803803804	361.4468923377833	-38.076176075492185
951	18.07807807807808	362.97306315324334	-38.156256156298696
952	18.11811811811812	364.50244037831624	-38.23633623653677
953	18.15815815815816	366.03502401300204	-38.316416316206414
954	18.1981981981982	367.5708140573006	-38.396496395876056
955	18.23823823823824	369.10981051121195	-38.47657647611413
956	18.27827827827828	370.65201337473616	-38.556656555783775
957	18.31831831831832	372.1974226478731	-38.636736636590285
958	18.35835835835836	373.7460383306229	-38.71681671682836
959	18.3983983983984	375.2978604229856	-38.796896796498004
960	18.43843843843844	376.852888924961	-38.87697687673608
961	18.47847847847848	378.4111238365493	-38.95705695697416
962	18.51851851851852	379.9725651577504	-39.037137036075364
963	18.55855855855856	381.5372128885643	-39.117217116881875
964	18.5985985985986	383.105067028991	-39.19729719655152
965	18.63863863863864	384.6761275790305	-39.27737727735803
966	18.67867867867868	386.2503945386828	-39.35745735702767
967	18.71871871871872	387.827867907948	-39.437537437265746
968	18.75875875875876	389.40854768682595	-39.51761751750382
969	18.7987987987988	390.99243387531675	-39.5976975977419
970	18.83883883883884	392.5795264734204	-39.67777767741154
971	18.87887887887888	394.1698254811368	-39.75785775764962
972	18.91891891891892	395.76333089846605	-39.83793783731926
973	18.95895895895896	397.3600427254081	-39.91801791812577
974	18.998998998999	398.959960961963	-39.99809799722698
975	19.03903903903904	400.5630856081307	-40.07817807803349
976	19.07907907907908	402.1694166639112	-40.15825815770313
977	19.11911911911912	403.7789541293045	-40.23833823794121
978	19.15915915915916	405.3916980043107	-40.31841831761085
979	19.1991991991992	407.0076482889296	-40.39849839841736
980	19.23923923923924	408.6268049831614	-40.478578478087
981	19.27927927927928	410.24916808700596	-40.55865855832508
982	19.31931931931932	411.8747376004634	-40.63873863799472
983	19.35935935935936	413.50351352353357	-40.71881871880123
984	19.3993993993994	415.1354958562166	-40.79889879847087
985	19.43943943943944	416.77068459851245	-40.87897887870895
986	19.47947947947948	418.40907975042114	-40.95905895837859
987	19.51951951951952	420.0506813119426	-41.0391390391851
988	19.55955955955956	421.6954892830769	-41.119219118854744
989	19.5995995995996	423.343503663824	-41.19929919909282
990	19.63963963963964	424.99472445418394	-41.27937927876246
991	19.67967967967968	426.64915165415664	-41.35945935956897
992	19.71971971971972	428.3067852637422	-41.439539439238615
993	19.75975975975976	429.9676252829406	-41.51961951947669
994	19.7997997997998	431.6316717117518	-41.59969959971477
995	19.83983983983984	433.2989245501758	-41.679779679952844
996	19.87987987987988	434.9693837982127	-41.75985975905405
997	19.91991991991992	436.6430494558623	-41.83993983929213
998	19.95995995995996	438.3199215231248	-41.92001991896177
999	20.0	440.0	-42.00009999976828
